==TEXTO==
[
((4.9562,4.9563)),
((2.3999,2.3983)),
    (2.2299,2.2344)
    (2.1014,2.0926)
    (1.9797,2.0010)
    (1.9417,1.9323)
    (1.8705,1.8476)
    (1.8154,1.7960)
    (1.8219,1.7673)
    (1.7366,1.7404)
    (1.7223,1.7120)
    (1.7020,1.6839)
    (1.7013,1.6871)
    (1.6527,1.6685)
    (1.6554,1.6338)
    (1.6387,1.6175)
    (1.6265,1.5865)
    (1.5873,1.6158)
    (1.5953,1.5812)
    (1.5724,1.5935)
    (1.5592,1.5737)
    (1.5467,1.5495)
    (1.5743,1.5727)
    (1.5352,1.5470)
    (1.5228,1.5269)
    (1.5285,1.5710)
    (1.5243,1.5255)
    (1.5571,1.5169)
    (1.5210,1.5420)
    (1.5053,1.4994)
    (1.4931,1.4748)
    (1.5294,1.4859)
    (1.5154,1.5387)
    (1.4900,1.4872)
    (1.4856,1.4862)
    (1.4976,1.4818)
    (1.4782,1.4881)
    (1.4659,1.4612)
    (1.4886,1.4739)
    (1.4811,1.4884)
    (1.4596,1.4800)
    (1.4795,1.4670)
    (1.4494,1.4528)
    (1.4744,1.4630)
    (1.4511,1.4897)
    (1.4387,1.4861)
    (1.4695,1.4670)
    (1.4425,1.4436)
    (1.4475,1.4750)
    (1.4514,1.4546)
    (1.4508,1.4309)
    (1.4418,1.4426)
    (1.4450,1.4553)
    (1.4394,1.4335)
    (1.4482,1.4645)
    (1.4263,1.4831)
    (1.4302,1.4336)
    (1.4470,1.4319)
    (1.4228,1.4395)
    (1.4283,1.4414)
    (1.4102,1.4508)
    (1.4070,1.4320)
    (1.4398,1.4334)
    (1.4117,1.4108)
    (1.4209,1.4522)
    (1.4232,1.4217)
    (1.4014,1.3936)
    (1.4113,1.4096)
    (1.4060,1.4304)
    (1.4122,1.4284)
    (1.4048,1.4234)
    (1.4060,1.4152)
    (1.4084,1.4365)
    (1.4195,1.4406)
    (1.4081,1.4032)
    (1.4243,1.4309)
    (1.3955,1.4363)
    (1.3898,1.4415)
    (1.3778,1.4108)
    (1.4074,1.3996)
    (1.3807,1.4254)
]
==POESIA==

(4.7245,4.7200),
(2.3852,2.4566),
(2.2642,2.3081),
(2.1490,2.2043),
(2.0653,2.0954),
(1.9788,2.0539),
(1.9491,2.0061),
(1.9088,1.9928),
(1.8502,1.9643),
(1.8294,1.9305),
(1.8125,1.9102),
(1.7864,1.8986),
(1.7515,1.8624),
(1.7250,1.8340),
(1.7129,1.8168),
(1.6580,1.8074),
(1.6849,1.8056),
(1.6707,1.8066),
(1.6537,1.7965),
(1.6705,1.7684),
(1.6287,1.7797),
(1.6106,1.7605),
(1.6076,1.7454),
(1.5673,1.8019),
(1.6119,1.7306),
(1.5682,1.7505),
(1.5698,1.7509),
(1.5859,1.7567),
(1.5537,1.6952),
(1.5484,1.7198),
(1.5497,1.7106),
(1.5360,1.6763),
(1.5253,1.7106),
(1.5032,1.7439),
(1.4925,1.7012),
(1.5063,1.7114),
(1.5131,1.6524),
(1.4876,1.6762),
(1.4997,1.6909),
(1.4798,1.6920),
(1.4824,1.6538),
(1.5101,1.6646),
(1.4900,1.6768),
(1.5154,1.7034),
(1.4225,1.6548),
(1.4778,1.6353),
(1.4628,1.6589),
(1.4598,1.6533),
(1.4524,1.6396),
(1.4652,1.6855),
(1.4648,1.6973),
(1.4401,1.6703),
(1.4457,1.6783),
(1.4233,1.6864),
(1.4184,1.6502),
(1.4459,1.6569),
(1.4283,1.6695),
(1.4244,1.6904),
(1.4208,1.6891),
(1.4306,1.6435),
(1.4099,1.6340),
(1.3910,1.6398),
(1.4313,1.6851),
(1.3957,1.6385),
(1.4180,1.6487),
(1.3850,1.6721),
(1.4097,1.6439),
(1.3955,1.6517),
(1.4014,1.6610),
(1.3997,1.6229),
(1.3971,1.6672),
(1.4127,1.6610),
(1.4207,1.6308),
(1.3725,1.6625),
(1.3958,1.6501),
(1.3650,1.6278),
(1.3743,1.6291),
(1.3856,1.6503),
(1.3539,1.6255),
(1.3815,1.6212),
(1.3648,1.6192),

==TEATRO==

(4.6903,4.6871),
(2.3773,2.3838),
(2.1187,2.1844),
(1.9677,2.0034),
(1.9008,1.9061),
(1.7973,1.7845),
(1.7019,1.6857),
(1.6623,1.6754),
(1.6340,1.6045),
(1.6324,1.5838),
(1.5466,1.5649),
(1.5534,1.5317),
(1.5269,1.5139),
(1.4764,1.5087),
(1.4673,1.5148),
(1.4460,1.4861),
(1.4505,1.4585),
(1.4150,1.4367),
(1.4207,1.4352),
(1.3877,1.4096),
(1.3560,1.4141),
(1.3500,1.4026),
(1.3502,1.4052),
(1.3563,1.3989),
(1.3546,1.3987),
(1.3176,1.4018),
(1.3310,1.3882),
(1.2835,1.3679),
(1.2898,1.3737),
(1.2728,1.3768),
(1.2805,1.3697),
(1.2534,1.3598),
(1.2286,1.3994),
(1.2410,1.3600),
(1.2489,1.3636),
(1.2525,1.3854),
(1.2468,1.3728),
(1.2144,1.3685),
(1.2313,1.3463),
(1.2245,1.3475),
(1.2091,1.3459),
(1.2144,1.3520),
(1.1617,1.3729),
(1.2124,1.3607),
(1.1985,1.3675),
(1.1858,1.3440),
(1.1927,1.3238),
(1.1922,1.3410),
(1.1917,1.3141),
(1.1430,1.3552),
(1.1571,1.3417),
(1.1214,1.3271),
(1.1346,1.3496),
(1.1122,1.3615),
(1.1397,1.3260),
(1.1375,1.3324),
(1.1309,1.3757),
(1.1208,1.3238),
(1.1064,1.3437),
(1.1200,1.3531),
(1.1301,1.3385),
(1.1124,1.3701),
(1.0917,1.3338),
(1.1262,1.3448),
(1.1030,1.3801),
(1.0955,1.3290),
(1.0673,1.3760),
(1.0701,1.3221),
(1.0825,1.3345),
(1.0728,1.3216),
(1.0751,1.3217),
(1.0838,1.3848),
(1.0480,1.3413),
(1.0783,1.3220),
(1.0527,1.3406),
(1.0726,1.3586),
(1.0654,1.3822),
(1.0278,1.3571),
(1.0323,1.3724),
(1.0507,1.3721),
(1.0383,1.3926),