=== Treinando: texto ===

(1.4236,1.4381),
(1.4168,1.4240),
(1.4216,1.4704),
(1.4169,1.4342),
(1.4105,1.4431),
(1.3838,1.4338),
(1.4067,1.4330),
(1.3662,1.4321),
(1.4127,1.4220),
(1.4060,1.4035),
(1.4244,1.4055),
(1.3834,1.4255),
(1.4043,1.3925),
(1.3983,1.3920),
(1.3856,1.4007),
(1.3629,1.3965),
(1.3736,1.4037),
(1.3688,1.4198),
(1.3683,1.4071),
(1.3939,1.3976),
(1.3495,1.3968),
(1.3761,1.4066),
(1.3505,1.3767),
(1.3526,1.3894),
(1.3651,1.3834),
(1.3587,1.4009),
(1.3550,1.3999),
(1.3576,1.3789),
(1.3631,1.3834),
(1.3475,1.3775),
(1.3660,1.3874),
(1.3488,1.3706),
(1.3473,1.3627),
(1.3239,1.3778),
(1.3543,1.4091),
(1.3560,1.3707),
(1.3347,1.3783),
(1.3494,1.3631),
(1.3338,1.3798),
(1.3344,1.3904),
(1.3412,1.3661),
(1.3454,1.3925),
(1.3069,1.3627),
(1.3469,1.3679),
(1.3442,1.3695),
(1.3385,1.3736),
(1.3518,1.3382),
(1.3337,1.3628),
(1.3374,1.3482),
(1.3188,1.3517),
(1.3151,1.3722),
(1.3202,1.3527),
(1.3131,1.3590),
(1.3230,1.3695),
(1.3243,1.3860),
(1.3126,1.3360),
(1.3154,1.3633),
(1.3168,1.3503),
(1.3197,1.3754),
(1.3302,1.3694),
(1.2894,1.3284),
(1.3054,1.3495),
(1.3181,1.3656),
(1.3058,1.3584),
(1.3215,1.3629),
(1.3075,1.3311),
(1.2889,1.3496),
(1.3143,1.3665),
(1.2994,1.3728),
(1.3276,1.3511),
(1.2789,1.3343),
(1.2889,1.3543),
(1.2988,1.3467),
(1.3122,1.3492),
(1.3107,1.3384),
(1.2897,1.3284),
(1.2972,1.3279),
(1.2963,1.3397),
(1.3113,1.3457),
(1.2875,1.3566),
(1.3108,1.3350),

=== Treinando: poesia ===

1.622392 M parameters
(1.4286,1.7424),
(1.4274,1.7667),
(1.4032,1.7905),
(1.3742,1.7006),
(1.3481,1.7212),
(1.3705,1.6967),
(1.3489,1.7511),
(1.3251,1.7838),
(1.3350,1.7503),
(1.3136,1.7661),
(1.3242,1.7458),
(1.2929,1.7639),
(1.2766,1.7973),
(1.3060,1.8083),
(1.2816,1.7959),
(1.2831,1.7951),
(1.2695,1.7667),
(1.2390,1.7930),
(1.2303,1.7833),
(1.2091,1.8246),
(1.2165,1.8587),
(1.2198,1.8586),
(1.2049,1.8394),
(1.1947,1.8742),
(1.1740,1.8001),
(1.1954,1.8261),
(1.1812,1.9563),
(1.1642,1.8832),
(1.1557,1.8623),
(1.1579,1.9009),
(1.1252,1.8451),
(1.1270,1.9449),
(1.1018,1.8777),
(1.0858,1.9410),
(1.1126,1.9317),
(1.0886,1.9539),
(1.0693,1.9382),
(1.0901,1.9455),
(1.0686,1.9408),
(1.0575,1.9320),
(1.0516,1.9871),
(1.0808,1.9960),
(1.0608,1.9929),
(1.0484,2.0113),
(0.9996,2.0455),
(1.0316,2.0427),
(1.0186,2.0193),
(1.0116,2.0623),
(0.9835,2.0894),
(1.0146,2.0528),
(0.9671,2.1588),
(0.9693,2.1605),
(0.9762,2.1545),
(0.9545,2.1245),
(0.9573,2.1616),
(0.9485,2.0975),
(0.9311,2.1800),
(0.9301,2.2004),
(0.9512,2.1698),
(0.9206,2.1869),
(0.9210,2.1908),
(0.9130,2.3753),
(0.8842,2.2538),
(0.8988,2.2559),
(0.8759,2.3121),
(0.8924,2.2403),
(0.8738,2.3525),
(0.8832,2.2805),
(0.8764,2.3336),
(0.8551,2.2635),
(0.8430,2.4085),
(0.8494,2.3886),
(0.8390,2.3470),
(0.8536,2.3824),
(0.8439,2.3097),
(0.8547,2.3767),
(0.8366,2.4397),
(0.8098,2.4024),
(0.8313,2.4620),
(0.8169,2.4736),
(0.8037,2.4604),

=== Treinando: teatro ===

1.620079 M parameters
(2.3027,2.2935),
(2.0455,2.0461),
(1.8511,1.8296),
(1.7230,1.7159),
(1.6371,1.6351),
(1.5748,1.5834),
(1.4792,1.5067),
(1.4589,1.5061),
(1.4256,1.4938),
(1.3622,1.4589),
(1.3346,1.4671),
(1.3103,1.4604),
(1.2655,1.4474),
(1.2432,1.4469),
(1.2372,1.4832),
(1.2057,1.4832),
(1.1655,1.4947),
(1.1418,1.4645),
(1.1368,1.4969),
(1.0980,1.4915),
(1.0593,1.5021),
(1.0718,1.5088),
(1.0221,1.5274),
(1.0042,1.5335),
(0.9812,1.6271),
(0.9814,1.5780),
(0.9524,1.6458),
(0.9372,1.6549),
(0.8791,1.6567),
(0.8853,1.7082),
(0.8817,1.6553),
(0.8653,1.6790),
(0.8290,1.7208),
(0.8316,1.7595),
(0.8254,1.7857),
(0.7820,1.7947),
(0.7596,1.8057),
(0.7617,1.8242),
(0.7310,1.8630),
(0.7168,1.8893),
(0.7267,1.8880),
(0.6890,1.9357),
(0.6980,1.8914),
(0.6754,2.0354),
(0.6417,2.0164),
(0.6481,2.0488),
(0.6281,2.0732),
(0.6209,2.0582),
(0.6112,2.0539),
(0.6030,2.1456),
(0.6056,2.1051),
(0.5908,2.1698),
(0.5600,2.1193),
(0.5603,2.1631),
(0.5573,2.2552),
(0.5409,2.2447),
(0.5478,2.2271),
(0.5350,2.3458),
(0.5402,2.2661),
(0.5185,2.2874),
(0.5167,2.3405),
(0.5065,2.3868),
(0.4972,2.3368),
(0.4986,2.3273),
(0.4753,2.3978),
(0.4884,2.4299),
(0.4785,2.5361),
(0.4873,2.4892),
(0.4830,2.5334),
(0.4839,2.5721),
(0.4478,2.5171),
(0.4596,2.5854),
(0.4545,2.5335),
(0.4296,2.6838),
(0.4487,2.5976),
(0.4448,2.5444),
(0.4439,2.6327),
(0.4342,2.5810),
(0.4317,2.7408),
(0.4413,2.6341),
(0.4279,2.5968),
(.venv) lucassaad@DESKTOP-MOE5L9B:~/projects/8-sem/redes-neurais/machadoGPT$ 